5.27019651030079
2.93156153273599
4.68408641900748
1.90431450124004
3.09322553594827
0.552531054451884
9.03873677256325
3.32839749101242
3.6616247942144
5.5868084266054
4.62345881327158
1.80203893743345
2.83067327771284
0.833753232894877
-0.418049437999383
3.90279512384202
1.00357052181801
3.83525193587166
10.6304109645792
1.13327540275163
6.32669570004511
4.33286993801891
3.59608757265066
7.293029117986
0.317382605113055
6.43999335843498
0.626528548815203
0.188130045430738
5.20956287930442
3.65890493090164
4.73578123828345
1.20342697895942
9.10652569279073
5.2762579546035
-0.333069354683299
9.18860769371897
6.34292433406582
3.94187839351891
3.33666025597671
5.66901918220442
8.61184983122695
2.82885301473427
3.91527826832554
6.56165366240571
2.90773775673708
2.01384305711501
9.93134168133757
1.75106886035508
4.72433442026387
3.4393989008994
6.20660686543076
4.300759177849
1.62512071483097
5.71632824466728
5.41583249193992
5.46543270717437
4.51607933686047
1.65326820921558
2.49550154238356
3.4758286884347
0.334217456524328
2.22595992828961
1.8551227402364
5.44464024786684
2.62692868423329
1.25038709555088
7.70138275796432
3.81563864721669
9.84774661711308
7.50159560024125
10.3840962056668
3.12565801288766
7.05217023013004
1.11455090245923
3.5791529546963
6.7172098886456
3.56683302276587
1.56822089149075
5.55907389873006
7.00904459282532
3.10158994624763
6.27238348715458
5.1634439220174
2.46285888721212
3.1566071818038
5.27310054070206
2.74847617042761
3.310777614691
6.47809649255758
3.79105709405046
2.88174943177431
3.2878539013888
3.04225197706273
3.8483654820807
1.49805075368172
6.49245517603504
6.75519320701616
1.90274518943914
3.43551185738681
2.08743023765053
2.59487169873944
6.15278518374423
0.510826347507022
5.72133729009034
4.08214042497596
3.36570316928866
2.29834080399109
-0.0788827779379282
7.72804435172777
6.0034681717979
6.07463488341939
5.67013555409343
8.46676668448832
2.62091640113227
5.51613046577185
2.18353052286523
1.1105312216123
9.3663988489753
6.14057673838336
9.07496118811896
1.06733350128246
1.1068057243655
3.03958840374912
3.66065919570618
3.15845758995179
4.37121093339531
2.70191459113673
1.10997058051102
8.3140724507463
2.29632369671817
0.473613776523073
4.02469330857229
2.60588341423893
8.85453893792859
1.06398275407883
1.08798755213964
7.40148084157506
1.87360062839451
13.1052290177604
3.85682851946359
6.35622050464314
2.57210641692991
4.742902624176
1.47915569534663
1.81444032597782
5.40048267186243
2.52202564857961
1.80747292021997
2.02975014357179
1.91627177401138
0.166455609744155
5.92695282124013
6.68909736508291
2.84844590005836
8.29507582090943
2.67342474975873
3.1517202257493
5.57813545403079
4.079431970865
2.71692246714152
1.9403770442839
6.17826384897497
2.88860401573469
2.9847661239169
2.68333223907376
7.48763363004831
2.90065129401817
6.79327783995577
0.464894896452289
7.52844042488513
6.34424490854604
4.45718989529734
10.6372472687308
0.645764147545661
1.44965336370901
8.5685449819471
9.33538256567299
6.00060003689417
2.98445787705667
6.446973022071
2.38848352577706
3.21880221551611
7.41616245898969
4.65899323954014
1.16790394619186
5.95884600379797
5.93030984385798
2.0980790724701
1.93668773282834
1.66580242702562
5.48054953590564
6.51630648311644
6.44194249285416
4.11521667706494
0.329434985061695
4.65308760308295
4.06582884741092
11.9149069867942
4.52968462539067
5.18293179273207
1.56162046340839
11.4722627874065
3.14115443306485
4.29900201849533
6.44284751653689
3.27676070416438
5.81288531404698
2.03857594656849
5.02199887301182
2.5165787268933
3.00721073400001
2.11518720833158
3.90787879790646
6.02944534602204
2.11526798446263
4.25484379168971
3.18536917374801
4.82919637809008
4.85780674340224
5.9843272055856
3.38021502152586
3.15753605240468
3.49087250357181
9.62060244999834
1.05303322718308
2.6160958907512
2.34794603338833
3.53124027352306
0.927169727520837
3.19412924328646
1.02439650617882
5.15123786508212
5.28545700700575
11.0372220582425
3.34735493401292
4.99273599408793
0.429911690844124
6.5757591977746
0.30086178183125
9.87246665259386
3.2996228056878
1.38597662570116
2.63299846523438
1.44296678475107
3.9948022356098
6.07882949281469
9.12013883680564
6.33786163684746
0.896721930384505
5.91190612223312
2.34689778397436
4.41857272264338
6.58915829225912
1.19529269059168
5.67074856277893
0.248335362233081
4.40112914898634
0.336849366285227
5.8811415302836
8.60740811266017
9.58123232322089
3.08463556061238
4.29663466516858
3.50037898180905
4.20080553966054
3.78005397526437
8.96082374219288
1.56325006840258
2.45971469775684
1.79418261617982
2.2617740009373
3.44356090805517
4.66186563486405
3.85835292741432
1.39684527622533
3.67589493825627
3.88127350523339
5.26525063530172
7.3775999093261
4.23657524776572
1.67777291806249
6.22547383008196
2.60486800183783
0.783125576480016
2.89642616592987
4.31696715374023
6.33598265560059
4.91435909799663
3.4916966912996
1.64484702538497
2.84177609492817
0.0962268232978116
2.04788838702508
0.749135438043042
4.00269821829305
5.45007829264315
2.88064685491159
6.29266530937611
4.53102606282475
4.6556009195807
2.74212473444791
2.16439932753722
8.33398309840665
1.9639744119682
1.33857988046399
2.25647063202957
0.522341270886543
2.01644307951905
6.73747065353259
5.37094870940666
1.24679247394156
3.32562237333807
1.4774742692566
7.45890491238921
4.38956395938929
7.8142515525294
3.06684490135284
2.45538560108532
3.16385035816673
4.04582757235646
2.85591887676219
5.43132589354542
8.20109936738574
6.52295982099263
3.60924375201239
3.03586507718522
4.95011576843612
3.07566188826889
0.914654378647928
4.75152561693474
10.5248968321293
1.73416224527199
3.28923793949802
0.856879902123121
3.43248386209124
5.74390271939784
2.80997487650967
5.92622189036585
4.89130568102808
5.53872682429453
7.43233419921255
1.05534356175645
3.53973241921838
1.03781720593557
0.965688483784621
3.75576503002591
1.77857035544401
3.36428524927416
2.58735285263014
0.421826799903944
4.19673990831679
4.4007065587322
4.34887127673765
2.93965554879347
4.64176920640725
2.23551495544414
9.259649554973
3.04930502665485
-0.228960899836727
4.29487599448721
8.27904080802994
2.55429062780358
1.2693440572124
3.19514173817442
2.34326661867999
3.38362561737199
2.13466051142977
6.0415480787591
1.05445988002071
5.04151681247729
7.57087909011377
6.92512212255913
2.40111604328265
1.30155670324666
6.53853308880333
5.83028244040321
5.5157369009617
4.15569206066012
1.66255405172945
4.39217710176189
5.75715762981892
6.38250312918061
4.29495348557877
1.51779273941489
1.6738979775215
2.61746950634604
5.46191226130967
1.00533826295411
4.17352737173236
-0.010548717924988
0.22379853231225
1.39171989526778
0.850855135913741
5.91689337902128
6.04664821907854
1.02141745986574
9.37953020169272
3.99592095824799
1.82573351887309
0.773706450318544
2.68210290824578
9.9420437501361
2.6278134420021
3.98808356265141
6.12993923818872
5.05699244319617
2.70195758127126
4.74649445424529
9.77045866118799
5.78961564265517
1.28507707442393
6.27500466759255
5.58492060855486
3.45231567803979
0.378833685108051
2.3748204673232
2.38405502888785
4.85521331358357
3.30625123782968
2.56937697626578
1.91560531078877
6.77121242061259
10.1250188760748
0.400267372905109
0.743590849387076
3.80810348891608
2.93475030129215
0.541096881556206
4.69320117714012
3.38247446601077
4.18601075148667
7.05389072648364
1.37642727841757
3.22619529072586
3.13005457577025
5.42503941034934
0.818587913119461
4.0140049943008
2.22850685146813
4.11162591294874
3.37028532416147
2.03027101885583
3.29699083255777
0.860217513217541
3.91136222730851
3.28453786495502
2.509589997132
6.58232013079688
3.64872213456605
5.3149214216943
3.37905079028708
0.796721959213172
6.1213017967206
3.53114857477749
7.05555665059469
3.04061280092931
-0.101999812238563
2.75599917807866
-0.0710262779732833
3.39975199561089
1.94949574295304
0.203748587925622
6.2034451870079
1.27681071595109
8.57944375136457
5.9999149197965
2.62965975807515
5.24295187310784
0.62294285066597
3.4092034494737
3.95927398103812
2.94809990052112
3.77806751468767
4.67749760039967
1.48855320117502
1.53933391003392
0.584398952506019
4.51677962373303
4.20488200472995
3.35802054132583
1.80722270094475
4.74818157864322
0.0976291071471829
6.35680404416977
0.151798859047426
8.43838288106394
3.1773005893615
5.21251255456096
7.78708204312902
0.240636760445685
3.06115160011446
14.2250661442978
2.76176858428501
2.03297954603576
1.82828452153608
3.98495892205657
3.27780855515004
3.28341037409503
6.35761087920611
2.69247680616801
5.20042503857044
7.04402360659313
4.94915823376766
5.45410515343909
1.57207179593489
6.88616066233305
2.37101872889571
5.6808672801506
6.67411332805252
1.40299914137575
2.16129829072803
1.89156148015261
7.04114866178458
1.73953705174427
1.33308248512904
3.01148006443716
4.98058989035715
0.665202271091515
4.03134785646452
4.77986533650907
-0.111884497465115
8.32851777710767
4.8506405238825
5.31235788993647
1.5628129946207
2.14841676217852
2.7839524871935
3.80329927386361
1.86477025944912
9.02343912189776
2.1300190808489
0.234162320158013
7.33246931138168
6.08960352532706
5.25062824391202
4.04938635696574
2.57948337912765
3.82464469608543
2.90101545085137
3.33094488082199
6.28973465286202
3.03553573219842
1.56727690957798
5.47462569441365
0.70144056043726
3.35128750424964
6.82932948542761
2.06518882159406
5.30723955498612
5.33277880920939
1.13205702902098
5.1596791762711
2.40426240539998
1.54404596442337
3.78489565435058
3.81844792880252
2.60116465214174
2.08565190114372
7.78739721866983
1.06646300202195
1.89672513929277
0.759612311229793
3.95491366015054
3.03750761107392
1.17239918869804
2.52013243902568
6.8628053101091
3.76527798818686
5.19656471379013
1.57431138813587
2.58619852225213
2.58217849436516
2.44575155949029
0.59845372904815
2.7472474920296
6.86668886583859
3.04938405678039
0.846936789127332
0.681400417096805
2.17706314082301
4.12001194513704
0.442285708245979
7.29081416323555
8.34256760207512
0.959771023140118
3.55639306959355
1.69912048797708
4.42850937686568
1.4803261575369
2.34726730664598
8.83969182027151
5.31489994956668
2.49264864404326
1.47452098740347
5.11544683469707
0.984428948159973
1.00890817863006
4.7987439193673
7.3895296181321
4.37846285854774
2.23444286397959
3.18992086344009
0.398154904315575
6.89884934190748
1.55605059001812
1.40204546642499
2.39097534412744
2.21114728475947
1.84699751178108
1.73033214146914
4.06551725656237
1.98813418105355
2.31348614560186
9.24618848311567
4.51047292342342
2.10883418635516
3.71279051202231
3.26217498401306
2.52530977372214
5.95681012735263
6.45884770374648
10.4918547295121
2.28283255626264
0.897269160840003
8.92796097046679
1.36583373510859
1.56785117273919
3.91003450813675
3.58161182191273
9.97068756334428
10.8238128121308
2.77071961217381
3.0009281662576
1.12071739303061
4.00606801551984
1.41558762001068
5.56449335623792
2.94016531180436
6.12574908960537
4.01852038863004
3.65894297024476
9.94661715331616
6.75538900510846
2.61624869496682
3.27962684469418
1.98476808233377
4.28204182880477
5.78654077547219
4.76233610159862
6.02706700875104
3.01867166121822
5.98936506887356
2.92385563200462
6.61457300962526
2.68194300777879
3.75522323858902
2.12502529024037
5.97345474254969
1.12002629611012
5.6597087599641
8.07878765053373
-0.203229794915757
2.86711244205543
3.35344708279169
3.50402518078942
-0.4412361992061
4.40276521081568
3.52555835502368
8.11639157168799
0.781153490263023
6.6540033452023
6.69190315010055
6.77102952420331
7.26742267089587
2.8894838248435
6.30932832151335
4.53537914923862
3.59784534077403
3.0796364863834
6.26770470706951
3.5535149982506
1.43578839352819
2.84231726297747
6.75707434442535
4.63424567393007
6.15863206176082
1.52232524711419
7.61738224783171
6.69943722207405
9.40840949878884
4.30489873702307
8.53037330351872
2.24560972460484
2.05480604939285
3.06490483125991
4.27802162145631
1.56887794751919
2.79173367651278
3.08433105103567
8.01078297177379
2.16412984052456
1.60780745316954
6.3909496662562
6.81751521792244
4.4571010017088
0.389953711043367
5.41240924132829
1.19078216870776
4.19128328886102
4.03054484153709
3.87782856888247
7.83252360130241
3.28227517070921
4.41527497553824
3.03791990961589
5.7837404037782
7.75780796633094
3.94526109510467
-0.169352275783708
6.87862274691182
0.800949985253433
3.0135339137834
1.75366620788247
3.91398090582112
0.172691345593905
3.34319970287446
2.22730383307066
3.08640842712742
7.66448828238195
3.50689950073185
3.54581504487724
5.19149665871265
7.41908803471491
4.54509322403656
6.57103736864498
4.26976904807268
9.46708964083636
-0.0311693742758232
5.09830173610284
1.01842690191282
4.13767081842868
8.21642556431505
3.23880400411858
2.67358259554401
4.73685119369599
2.14656360760079
7.04518522707199
5.28593711014054
4.25509908811637
2.38755811885329
5.70820087904915
6.55705581835891
4.24843582385839
2.32896576098824
4.60989167483489
1.37481843446948
4.0979556342401
2.01335207851529
5.9467093401981
3.25033512461483
3.09951444406084
2.2779294090697
1.25561798282636
3.86543290271731
2.36192884202859
6.2841762408508
2.8980738795834
4.56321124811942
0.624387547490319
5.78101076081926
5.19624535347731
1.23560066650048
7.17208704459104
4.59553899327414
2.46425562276878
9.31218197819635
5.3352329008766
4.41671291203932
8.36363037764092
5.11378054333317
5.47217714734819
2.50212718570286
5.75137490207511
0.0402253179754404
1.93617682682108
0.039244350941843
0.869936334631697
3.54132235484105
6.1736291481464
5.86681371375884
6.00147469541926
2.16072148619153
2.13697029819057
1.85594187393526
1.89005208551593
1.94293153763218
7.68911622961956
1.62827591358988
1.48607534140795
9.78682931853417
3.97794068989937
4.1031686961297
3.52286905971398
6.01655260079031
4.54727873163797
-0.277000299167518
3.42265269481933
4.19568813964472
6.9456255449408
8.52979101702173
1.71465628932425
2.33332941892249
5.61540897851088
1.18896804537805
1.50668711399373
1.18085009438569
7.59696362098394
0.15187964121204
0.755721496727802
1.59411050063019
1.51634560218799
3.41175148444536
2.09264746389707
3.43257026061803
5.13566433976424
4.09097789118198
0.383789731496419
3.56384816026799
4.7872387212082
2.35067932288633
4.95008332725767
4.73662660609774
2.18684687560404
2.94346161806191
3.57383925972684
6.30931548871279
1.18973274839835
3.21985552557514
4.43794697579673
4.50764510648622
3.89757042410055
5.04695199920482
1.80944347437674
7.22682182791279
6.05108953323992
1.4170467437328
7.599387025711
5.15219455191831
0.954918669923835
2.24635629820635
10.5271872331625
4.79952146367714
3.12277621878334
4.18391434683314
2.45799303225344
2.00166046985973
2.80850246754092
1.97816041712121
1.74140005657965
4.68176358365891
2.52289971826612
5.30019409311511
4.38878213266777
1.24258339907434
2.24529198685315
1.50551271022198
2.72204027001168
2.07714747023344
6.22730537457345
2.0612436109136
3.61234974586022
4.7790733907891
2.46577140990072
2.44954824251305
1.76271012129473
6.64736263764956
4.09496207551816
8.31658379288172
2.54558423685696
1.95164000407242
4.80234116753942
1.46002085845681
0.906927759948766
2.63203481970857
3.61397541936815
5.60095661430639
7.50911934110755
3.23934505456807
3.85046478591704
1.12484265663448
2.8600807242414
1.25202376123457
0.939840252457773
1.37619323883273
3.9594862202073
-0.380892155644813
3.97395528104473
0.0031149761583454
5.91198794568599
4.72425660402614
3.36487307680898
2.30885559273317
0.875203529329892
6.23219365972099
4.73882709854973
2.9285716363219
6.0613791846236
1.94548518747948
3.3981473790765
9.44908035477933
4.57450609245359
3.89949664681631
11.0454027908445
2.25631938212485
8.08581726777938
7.25991382416241
6.26544220436295
4.90046931028419
4.52497885836534
6.46398420988807
2.76932406202587
1.77310659087709
2.1043874253746
1.02798157472808
0.37337318193525
0.665905422439621
2.19316701544933
1.09655332279021
2.1674163829784
2.12518615263487
4.53311896038095
1.38605891944346
5.05323800552009
0.54262752350038
2.68609462152914
6.50704419894331
6.96213327308975
3.98165160450926
3.04117321802017
2.52652653813247
3.85111670808932
4.22121173840925
1.57395083224592
6.02115597974882
1.06990763420679
1.07977050360122
3.77334114912162
6.38924708233196
3.26066914953457
2.43068580627838
1.76908209439399
1.77801527190855
7.42548014298353
4.58719006087472
1.06102703527287
2.11600926547513
5.98160185367854
8.08990106052599
3.7402771800502
2.1522890306983
2.1085473657115
3.42078179027014
4.55615129329221
2.99781467124572
4.79480879984936
6.53726560933413
1.27447926867923
4.23460254694361
4.95106043465447
4.33049564639037
1.66317380077193
4.79651737499715
7.47205026638271
3.02948307401703
1.67757141133995
1.07929830971591
4.21736578777362
4.08638262153012
3.81201976282259
5.00122019645448
5.57882389624101
6.30162821612807
0.352560246501881
7.45583352537139
6.10782765343559
1.72329975296425
3.24699422339049
4.25343052217278
3.17384598485301
2.57035254276922
1.32532442227936
6.82941222401811
9.05246882464266
3.79652118108572
0.983300073274522
1.70894588660806
1.70920906751538
6.35151349427946
0.602620171028004
8.03228980761847
2.08713328503494
1.2998573934619
3.01561672956902
4.82476210947826
2.41741610516128
1.08836186423847
5.82728050604784
5.57587955478807
2.00421224384964
5.07469270909362
1.67044655666314
2.10435126416153
1.21780571981719
1.61956179380858
1.98548900972874
3.35717317436249
4.03283235033562
3.23558357133589
0.492531061909864
0.914252859557785
2.18090132130912
7.3122232883651
4.45466243789174
8.75453365192253
1.85110681645092
2.25435130023819
2.76286319609
3.04749561191056
7.23402005869963
5.35116541633729
4.84081236247292
1.70192756650092
6.82043778458336
6.25237443910948
3.41507204010079
3.96430126911588
7.14913420669819
2.37248745834914
7.23689645706489
2.90929957689015
3.26084538913116
2.18857440160684
6.91874231517397
2.62161454418939
6.33667504866368
5.14928378860906
5.74687369349739
4.28428760851918
0.891578400460615
4.24181694288766
4.23295279804446
1.76071836699312
3.2755817906455
3.6236980778097
1.97205598065269
2.9507024411734
3.49875312374508
2.52271369368171
3.66758831278555
5.49585080017811
14.2719990086598
5.01695605556542
4.56512387241887
9.28012119849036
0.353698659863503
2.92223663866437
11.32374927203
0.111512548000992
5.46132196874576
11.2285406811704
1.88175870619465
2.85703574873646
4.36950360547184
1.89185224767231
1.21422759165771
2.96450247972253
-0.161549281365687
3.24867654841656
11.4884921033991
3.24178060830665
0.681567542160845
2.4832648629906
8.91153865452675
10.0240803286914
-0.359899990781633
0.404231326448732
4.98379348824071
4.19962284260302
1.99666778246527
1.33343888129006
3.3817822093716
4.78275980209566
7.02676995575529
1.67219798426243
6.12174603008107
1.25799048086812
5.05888044095012
2.18926613895632
0.53268425014874
2.97835933769832
2.78516836625994
1.35959745717384
3.25510118808206
2.32202943665436
0.308406881039388
5.49177641513262
4.70502328598363
9.76729537280515
1.09228496114322
6.28178443030765
3.92064550438878
1.03636826017093
0.778122665939311
1.09577439137894
2.27445565407345
4.28255049944342
4.21103779617132
6.80326837521905
1.49836539488694
8.40359906883993
3.7624699766453
5.51078809673366
4.10222266007772
1.56322395708201
7.08373073333279
9.37425752526358
2.93245992070444
4.11395514571052
3.07570470942918
3.11895044023027
2.18914208087616
6.22763227319923
3.88936654034605
5.63226481942225
6.10125733427503
7.96247531621726
2.32102914471737
5.61208850931345
9.06054293569752
5.46660310082433
3.12697058932887
1.14145625560893
5.03865079483298
9.81601819534604
4.31670371091868
3.16387494789231
2.45835390896191
5.33277711169911
4.50407213741697
7.59775634204991
5.49848265085318
7.19435599081488
2.27836241302239
5.73417522485334
1.05144321704439
0.806452634336087
3.99935879957485
1.06376115067948
8.70715304040328
4.81763799078293
6.28879068288495
3.28921238092963
6.01339749258088
3.81061494702065
6.13983870132652
5.10527621187339
8.14447903541803
4.18035076782674
5.09718049374198
8.97207497278988
1.81370697180044
3.63377303660925
1.78651460121536
0.594739993874784
5.25599096313998
0.135123156954149
4.03407251606912
3.24873700558779
5.91141582142391
2.23792400299862
3.54776445334694
2.24677788020811
1.67980796411203
4.37252577182254
4.38447319529092
9.27249884668565
3.38794275603546
16.9049369835516
2.07922894134284
10.0132187876728
6.09087469688781
5.33435606025608
4.80192044700961
4.46983615707112
3.32443441774939
5.06696028855828
0.808580420727444
3.29992757623417
2.23683909150366
6.47095185042203
3.41681259373744
4.95916591171022
1.89980827579272
3.4092680638859
1.21475688722079
3.67448342224636
2.12255151901871
0.272717585208389
4.81570529132741
5.83605599061026
4.02438360162676
4.54481130404157
4.24446938521985
0.753009810412362
3.86303486092144
0.984752402470688
2.18908320044003
1.40840028176627
9.81203992873614
2.34975730030446
4.97995533486704
3.80284566339346
6.93922872552805
1.23818762827233
3.74088331912585
3.96806412494629
2.2137736494373
1.88064937081781
3.32579396558171
0.212178796374902
6.18773712290127
1.39943768279169
2.00439029034258
3.84651397396844
8.49754913443822
5.32752747545971
6.59961665235075
7.28579173012184
2.86114059150354
4.53626000366398
2.26101348152813
5.13923576457388
5.29083311079863
2.66408555211165
1.44851170152791
0.425125258668893
-0.0525050865355767
2.34717241436425
4.68585244581036
0.784953418474499
3.17055341490441
4.94465485303531
0.677211009738852
3.54546052842878
5.66758792467606
3.79252820540849
4.91489089938004
5.04009200473521
5.15058481104952
1.78306806717293
7.45956844372918
2.76687009609473
0.180740743425209
10.2626079397545
1.54412688477164
5.58865593893137
3.41985476409078
2.85330513933843
2.50057836494436
3.2993287563097
4.29079741196643
1.47782293904278
3.10785306873486
0.0276640912706397
2.14644878073267
0.604678505186828
2.83594869579551
4.4433619323693
3.2630285207827
9.63669728992102
6.24486994887983
3.58188728393886
11.6485743560558
7.59741921573032
0.967301385752413
8.26247280270303
3.10234404810033
4.50554082828152
2.18660371316977
5.45288208970299
2.21191742859217
3.05193206913988
5.90281080529932
1.1505233514838
2.1807922685042
4.35203116363396
2.36982044512832
6.60527794567549
3.66282543020486
7.88425234667359
4.55009647036506
2.49171305721826
3.67755537849597
9.15092156582727
13.1924956110283
3.56497954299093
2.03381746523789
5.1819396473682
2.3213831264172
2.35008849002972
3.43769377286389
3.52907956339843
0.753917120340462
2.85975652586189
3.29514322857165
2.05913377085172
1.97731056907565
0.0872264712077861
12.60509830316
3.74956566813627
2.09779092316633
1.0229649745555
1.45405934139009
0.356411247724774
2.83311023066153
2.7195725281458
1.98762792890563
2.72460171525433
11.4153089331531
1.34206543250738
1.17451531164432
8.75585889909015
2.77974432227384
2.22000405584122
3.79755712777549
3.83643501663363
1.41339872502206
6.28954086600382
5.75505136462096
3.03499833594163
4.86676928679777
4.63880040513073
0.217624211406174
2.20370642445146
3.70650008543693
4.18144466958866
1.66639530763917
4.31854817956023
4.51960862594842
4.23640606933223
0.714034511694252
7.00624959834076
3.13737798349294
2.35382243048813
8.71637138555751
3.26096712114849
5.46449946138437
1.63591989915094
8.44222258658385
1.95603970658889
-0.0980043679680998
1.81788725301101
8.51059488629565
6.34652447524618
